
Name: Hunter Park

COORDS:

X: 1234.60645
Y: 7376.847
Z: 80.22232
